6.752937
9.465938
5.683813
4.574063
6.873500
2.446438
1.380062
8.925062
4.815062
3.652563
4.780062
5.260063
2.100000
6.340000
7.502562
5.085063
4.312563
3.717563
5.067563
2.177563
8.325062
5.437563
5.230062
4.312563
3.095063
2.865063
8.762562
5.052500
6.672500
3.885063
5.255063
6.062563
2.622562
6.095063
5.145062
6.752562
2.317563
6.095063
2.480062
4.762500
6.070062
2.262563
4.200062
3.012563
5.630000
5.970063
1.760063
2.135063
10.417563
2.057562
4.420063
6.552562
1.625063
4.180063
4.380063
2.985063
3.280063
3.965063
6.727563
4.255063
3.069750
7.725062
9.220062
6.002500
9.490000
4.715063
5.312563
4.095000
7.370000
4.240062
3.022562
5.480062
4.180063
3.945063
2.217563
3.992375
5.248437
6.503875
4.943187
7.063875
7.597437
3.387875
4.533750
4.892437
5.164313
7.156562
6.610000
3.437625
4.124562
3.141750
2.946063
6.248437
4.350688
3.415125
5.799437
6.553583
8.006250
4.420167
7.224667
10.084500
2.397750
5.432250
5.962167
2.198500
3.925583
6.853250
3.087167
6.533250
2.240417
8.969000
8.229688
6.929437
5.912375
5.774875
6.157750
4.575062
4.384250
4.508375
5.582813
7.464250
3.046937
5.737687
4.616062
6.476500
7.465687
7.246250
5.510562
5.089500
4.190688
7.258000
6.109687
5.143187
5.703875
6.962375
5.058875
6.512500
2.760125
7.786125
6.608062
4.131312
8.594563
5.270812
4.561438
7.845500
6.484063
7.771187
8.881063
4.182313
8.941562
3.383375
7.176687
4.958000
5.100875
9.340063
5.370063
5.865062
5.442563
6.777563
6.845063
7.080063
6.325062
9.537562
5.272563
6.427562
7.040063
2.027563
8.424938
7.322563
4.865062
7.272563
2.332562
4.975000
5.105125
7.623563
5.620438
6.873875
6.847000
5.348687
4.899813
3.548812
5.320375
6.104188
3.223125
10.479563
8.468438
6.049500
8.144063
6.487625
7.673938
8.428750
9.150750
3.088563
8.721438
8.233500
5.167750
8.230562
4.909375
6.160875
7.045187
7.977938
2.590187
8.450313
7.137375
4.054563
5.801875
6.518000
2.810062
5.681312
3.815937
3.540563
3.526750
6.454063
1.439312
4.352688
4.044562
6.438250
6.980062
6.661937
8.131438
6.463250
6.372625
4.123812
5.270187
6.043437
5.961750
8.048750
7.550750
3.069000
6.447500
4.181250
4.465687
2.827000
7.227188
7.172562
9.397187
7.088563
6.067250
6.258438
8.496000
5.442875
6.992438
8.332125
6.151625
2.061187
1.135125
8.178437
3.501750
4.985625
4.503125
4.182437
6.511687
2.968688
2.711875
9.318750
5.500000
4.596500
9.726938
7.605250
4.934000
5.861813
5.381375
4.629875
1.824125
5.847062
3.806313
1.049688
6.240687
3.455500
5.377937
2.640062
3.902250
8.396937
3.520062
5.529625
4.374812
5.255187
1.991750
3.928562
7.096500
2.989813
5.946937
3.802688
8.881875
6.100062
5.107563
4.307563
3.977500
10.165062
8.300000
2.505000
3.802563
7.722563
2.232562
5.027563
7.517563
4.475062
4.440062
4.855062
3.247562
5.917562
3.237563
4.010063
3.942563
3.700063
3.505063
9.257563
6.105062
2.580062
3.394750
2.429875
7.027563
7.070062
3.040062
5.035063
4.647563
4.700062
8.202500
6.422562
2.602562
5.297562
5.532563
5.434938
9.782562
2.720000
7.822563
2.250062
1.175062
8.017500
3.902563
4.305063
4.790063
4.572438
4.487563
4.510063
5.647563
3.290062
4.242438
4.167250
3.849750
7.130750
8.808750
6.392875
5.379750
3.146375
4.857000
3.413250
1.010125
5.886563
3.611875
5.812625
4.064375
3.272250
3.058500
2.647562
5.077500
3.041937
5.829125
5.209437
3.679187
4.642812
6.376313
6.744688
5.680625
5.723750
4.632062
6.138750
5.827750
5.590750
3.563938
7.944687
7.921250
6.908812
6.682563
3.366062
7.412562
3.947563
4.282500
3.127562
3.272312
5.427562
5.494937
8.502562
3.670062
5.647375
5.505063
3.434938
6.960063
3.552563
5.839937
4.515062
7.945000
6.272563
8.052563
2.147562
3.545062
6.142563
2.992500
5.145062
1.412562
3.162562
4.547562
4.620063
2.177563
2.827562
3.780063
7.010063
2.727562
2.782563
9.405000
6.305063
5.427562
2.225062
2.027563
5.580063
5.040000
6.467562
2.550063
7.415063
3.555063
2.647562
7.000063
2.812562
3.742563
5.552562
3.600062
2.680063
4.275062
3.887563
5.927562
6.175063
3.677563
4.795063
4.227563
6.622562
2.532563
7.200062
3.732562
8.605063
5.765062
5.353125
8.622563
4.960063
5.109813
7.697500
4.480062
4.577562
4.257562
4.720063
6.540063
10.455000
1.402562
3.210062
5.372562
6.182563
2.265062
4.480062
3.292562
5.347563
7.847563
7.197500
3.645062
5.955000
6.107563
2.610063
4.122562
2.687562
6.007375
7.655062
4.182563
4.955063
2.632563
3.912562
4.847563
4.192563
7.167438
3.885187
5.266250
7.275062
5.025000
3.372562
4.765062
6.310062
2.715063
8.527563
8.927563
8.777563
7.090063
5.675063
3.610063
4.225062
4.630063
3.915062
4.490437
4.188375
4.991500
9.694562
3.394687
7.346125
5.064000
3.900187
5.955250
7.930875
3.837750
5.885250
8.327500
5.960813
5.941937
7.503000
9.706750
1.371938
2.038500
4.589250
2.983125
6.148937
4.560875
1.772812
8.672500
1.787625
5.042187
4.491437
5.618750
7.209437
4.136250
1.945750
2.267625
6.483625
5.073125
2.079687
2.710313
3.268875
4.177375
7.885000
2.617437
5.213312
4.684625
3.033875
5.249937
4.955188
4.871875
6.140062
3.342563
4.932563
2.685062
8.435063
6.960063
9.530000
4.400062
1.647500
4.547562
5.052562
5.922562
3.562562
4.020062
5.482563
5.610062
3.042562
3.012563
4.402437
7.670063
6.785063
4.090063
3.035062
8.272562
5.895000
7.107563
5.810062
4.330063
4.232563
2.927563
9.107563
1.860062
8.430063
3.372562
7.285063
3.757563
2.987563
7.412562
3.565062
8.510063
5.765062
7.302562
7.823563
5.300937
6.676188
6.503000
3.931500
7.405500
3.488375
7.570188
7.930438
6.512062
5.981312
9.172187
6.635625
6.969375
6.777625
5.149563
6.201625
4.311750
4.189750
5.385688
8.604688
6.543000
7.415813
7.362625
4.030188
8.995188
6.542937
5.747500
7.084500
4.258312
5.811250
5.479813
1.291125
6.781813
2.871062
5.304875
2.820438
3.000563
9.211562
7.218063
8.680687
7.861688
8.418313
8.890187
8.562563
9.093188
4.813000
6.352625
6.021500
5.680250
8.806188
7.438313
4.060562
8.895375
9.442438
6.013375
5.026813
3.270000
5.903812
3.279625
0.901250
6.251313
3.136125
9.436625
2.412313
2.669188
5.015750
2.768063
6.987250
4.026750
2.028313
4.071000
4.152625
7.070625
3.058438
5.906562
5.354250
4.083250
9.866250
5.327562
5.410437
6.706812
3.710562
4.999375
8.206000
7.168750
3.890813
8.171688
4.209313
5.916688
7.033625
7.862813
7.717875
5.898937
8.252750
4.820250
9.237500
4.000625
5.919437
6.210625
6.061312
9.435500
7.960187
9.159500
7.063937
4.937563
3.025063
5.970063
8.635063
5.915063
2.080062
5.657563
6.825062
3.764937
9.290062
7.352563
6.805063
5.387562
9.270062
6.632562
4.287562
4.592500
7.522563
4.975000
1.480063
3.972562
4.480000
6.385063
5.937563
4.492500
7.460063
3.972562
5.142563
5.879875
9.502562
3.842563
6.800063
4.707562
5.167562
4.622562
4.737563
4.685000
5.965063
4.540063
6.687563
7.107563
5.590063
4.412562
7.838000
2.963750
2.852375
2.120687
3.778750
9.529687
4.536062
5.250687
5.474500
7.514625
6.991562
5.435937
6.581875
5.394500
6.018125
5.799563
6.746125
5.112312
5.663437
4.780312
5.975187
4.694250
5.450375
6.753875
4.861187
5.594500
10.341812
6.565750
5.354563
4.376750
