8.120188
8.765750
9.471438
8.272125
7.797813
5.031375
5.034063
1.619875
7.959125
3.927563
5.835750
7.806438
6.897437
6.057812
3.684687
7.986813
8.569750
3.969187
3.594438
8.000750
4.774063
5.842688
3.615250
5.016938
2.081750
7.272125
5.055000
4.680000
9.302125
5.114125
4.517375
5.748000
4.330000
5.551250
6.467250
6.210438
6.092500
4.438250
4.429062
8.317562
1.395063
5.412500
4.855062
7.262562
4.590063
9.577500
5.717562
8.012562
5.797500
5.577562
7.870000
2.627562
3.742563
1.572563
3.827562
5.212562
2.035000
4.227563
5.292562
3.797500
4.465063
2.867563
2.822563
7.127562
4.927562
0.855062
2.675063
3.875062
4.407563
4.330000
6.062375
8.013750
4.317938
8.913562
6.852563
7.970000
4.280062
6.667562
3.695063
5.320062
3.010063
3.242563
4.785063
3.867563
4.117563
1.882562
8.617375
10.170063
12.087563
3.785062
3.702562
2.252562
7.627562
2.877562
3.610063
1.687563
7.962562
2.497562
4.727563
3.427563
2.945063
4.162562
1.832563
7.557563
3.792562
3.797563
7.540000
3.025063
7.630063
3.272562
3.985063
5.990062
2.762563
4.867563
1.520063
4.850062
5.072563
3.880063
5.152500
6.835063
4.300063
5.072500
6.632562
3.172563
6.562563
4.187563
4.265062
5.880063
6.145000
2.700063
5.627562
5.480062
2.600062
4.027563
3.215063
4.322563
10.972563
8.370062
6.547562
4.620063
6.655062
7.885000
2.345000
4.400062
4.462500
5.965063
2.377562
6.902563
5.212562
5.400000
2.014813
8.530062
8.117563
4.522500
2.607562
9.062563
2.067563
5.717562
5.332562
4.485062
9.462563
7.230062
3.555063
6.505063
3.485063
3.702562
2.670062
3.700063
2.730062
5.340063
5.410063
4.215063
4.100062
5.037500
7.602563
2.217563
3.949875
6.616625
8.708250
6.638250
7.581625
8.054688
6.730000
3.277625
1.805438
8.315375
6.754937
9.122188
1.861063
6.013750
9.225250
8.657125
4.613188
7.775125
4.588000
4.728250
5.654125
5.777125
2.924625
7.724500
7.579562
4.070812
2.590375
4.691875
3.242812
6.700687
9.534062
4.989000
5.921875
5.412250
5.600562
4.689000
7.176938
7.354813
5.232625
4.759500
6.627000
5.364438
8.125125
6.994000
5.655563
8.784937
6.079688
7.371000
6.013687
5.071125
4.100313
5.617813
4.498938
6.660000
7.337375
3.685500
4.053187
4.367500
6.390750
5.892500
6.298750
3.932313
3.889375
5.812563
4.761563
7.785875
6.756375
8.886875
2.180687
6.155750
5.841188
4.847437
4.983250
6.305875
6.792063
4.511375
1.236938
5.841188
6.906438
7.347500
2.632750
3.533375
1.997688
2.016875
6.766500
5.865875
1.722875
2.983000
3.756625
4.911313
5.577187
4.414750
3.621875
4.133875
6.258438
2.805938
4.226187
5.862000
4.099188
2.632687
1.986125
2.409500
3.541125
3.340937
3.884000
4.207438
7.376500
5.354938
4.731125
6.101875
5.106750
7.316562
7.580938
7.564250
2.577313
5.315500
7.011875
3.408625
8.057500
5.311500
3.660875
8.657687
4.849750
3.968812
4.690062
6.294750
6.046062
3.167000
8.755000
7.066813
7.355062
4.016938
5.342562
6.042000
2.942000
6.540000
6.227500
5.203375
5.814563
3.959188
6.477500
4.945250
3.620062
5.355062
8.818188
7.485000
5.979750
3.749750
6.690000
7.582000
6.211000
7.257875
6.657000
5.387688
6.385063
5.005125
2.786938
3.338938
6.963188
4.286937
3.268562
4.100625
6.701187
6.497000
3.088812
5.902375
5.139062
4.535500
2.210125
8.369813
7.058375
7.153812
4.775125
5.698188
6.053250
3.097625
8.174500
2.627250
4.349125
3.568125
3.978562
7.315000
8.485125
6.639000
8.866812
4.589313
7.784000
5.742563
6.081188
4.450250
4.532250
6.507437
5.959375
2.478375
5.655062
5.155125
6.089437
4.860062
3.311125
5.851750
2.868562
3.960000
4.835500
2.139125
6.351687
5.376437
5.171563
3.393063
2.590250
5.564813
8.754687
2.043875
7.576750
5.106375
1.203437
6.036000
8.302625
6.640813
4.157687
2.992563
6.666313
2.285813
5.004500
4.940812
2.285813
6.182437
6.039187
6.300063
7.725750
2.419875
4.071125
1.783438
7.217500
3.122375
5.632313
6.028562
1.999562
7.295562
7.793875
4.893688
3.836937
4.576625
7.505687
5.488188
1.567187
6.520937
2.768187
5.722313
5.602250
5.265000
5.530188
1.933500
5.655125
9.082000
6.825625
6.809000
4.062500
6.391750
7.403812
3.314125
6.247438
4.315375
5.485875
9.335812
8.130000
5.584625
4.541062
4.611500
6.219188
6.867938
8.963563
6.402563
6.012562
2.135063
3.316875
2.037063
3.677250
5.715500
8.886250
2.458000
4.044688
7.079813
6.137125
2.014375
4.745438
3.623125
2.488750
1.874375
9.280062
3.316187
5.850937
2.469562
3.923313
7.254437
3.086125
5.270750
5.062250
4.336563
4.553187
8.363938
6.351938
9.035000
6.457500
6.272500
10.820063
6.437500
3.147500
8.166937
6.867438
9.985000
6.277500
3.782500
9.277500
7.744125
2.083063
2.048313
3.635000
3.722500
8.800000
3.820625
0.954375
8.087687
0.612187
4.712313
3.290375
1.341813
5.279438
4.075000
1.293813
5.357500
3.558312
2.302500
6.957500
2.671250
0.928000
3.755000
2.908500
4.432688
0.928750
9.850000
5.235000
5.579625
3.132437
5.022563
4.532563
5.385063
2.627500
6.231312
5.065062
2.241750
1.289500
8.878500
1.756188
4.338687
5.082625
3.666688
3.758500
2.614500
4.600812
6.966188
4.392437
7.862938
4.276438
9.354875
6.885000
5.354312
1.823750
8.417687
9.529875
3.695000
8.403313
4.044812
8.742188
7.452500
4.946375
4.715438
4.600000
2.290437
5.235125
5.267250
4.195812
5.305688
3.817312
2.777938
5.902375
3.919938
0.917500
8.859875
7.615312
4.734687
6.736562
7.554500
3.511062
4.475625
5.088438
9.900250
8.858562
4.274938
4.984938
7.253500
7.207250
6.921687
7.623062
1.936937
7.562188
1.821187
2.538750
4.406187
4.367563
6.042063
2.927875
8.098625
7.971125
6.883312
5.389500
2.768312
4.198938
3.706187
6.160938
0.974063
4.468938
3.498187
6.683813
5.338125
3.304813
2.739750
5.230500
6.777938
6.279125
4.624000
4.624875
4.250687
2.094500
6.968500
6.383750
6.488875
4.441250
2.704625
9.099625
2.530000
3.235562
7.323375
4.623000
7.483187
3.618438
9.238938
6.266125
6.229000
4.938937
6.630562
5.361063
7.035437
4.554062
6.810625
5.829375
6.080438
5.228250
4.447875
6.315500
7.878188
4.847437
6.336250
7.394563
6.961500
8.519937
4.661750
4.107250
5.276187
2.753125
5.431875
3.651000
8.631937
6.535875
8.470437
2.741750
3.607250
3.129188
6.787875
6.361688
5.772188
8.524375
4.982437
2.843812
1.208562
3.999250
0.856500
4.953375
9.421437
3.693563
3.228937
4.716250
2.098688
2.588938
4.737250
1.446562
1.820437
7.660063
4.237563
7.025062
1.710063
5.820062
2.775000
5.217562
5.292562
5.352563
6.885063
6.615062
5.750063
2.517562
5.417438
4.372562
3.672563
4.972563
3.445063
1.852562
6.332562
6.787562
3.072563
6.427562
3.172563
3.270062
2.530063
6.222563
4.172562
1.790062
3.890062
3.022562
4.257562
7.665063
2.605062
1.767562
6.742563
6.484500
5.151500
7.421687
4.005937
3.936562
8.921313
7.991062
4.471125
5.537500
6.033250
4.390500
6.352563
7.782500
6.276187
3.200625
3.882500
5.587313
8.449188
8.019813
5.393250
7.892437
3.846250
6.317875
5.588875
7.844250
7.498062
8.372813
4.700250
5.463875
2.145188
5.207813
5.281625
6.155250
6.360625
4.445563
3.854812
7.934250
8.869813
9.017437
7.268875
6.878875
4.075125
8.601000
8.123938
9.303562
7.485375
5.191063
6.382688
5.778062
8.266375
6.749750
4.964250
3.665062
2.935000
6.985062
6.767563
8.662562
2.497562
9.607500
4.085063
2.315062
3.452500
7.532500
5.527500
8.705063
2.652563
2.865063
3.020062
2.240063
4.652563
3.145062
1.875063
4.925063
3.470063
5.532500
5.397563
3.477562
4.662562
7.210063
1.502563
6.072563
1.672562
3.870000
6.380063
6.952500
5.502562
2.985063
7.085063
1.627563
3.782563
7.670063
5.095063
4.935062
9.640063
2.497562
5.982563
4.692563
6.320000
2.557562
5.695062
5.065062
5.025062
5.602563
1.892562
5.042562
4.842562
1.800062
3.585062
5.812563
3.755063
2.867563
2.260063
8.325062
6.251750
5.988125
1.635000
7.195437
6.300375
2.928187
1.920063
6.862563
3.387563
4.457562
6.035063
3.197563
7.457562
6.710063
6.652563
3.792562
4.337562
3.950063
9.780062
4.430063
2.170062
9.190062
7.565062
5.247562
3.882563
5.852500
2.872562
1.955062
4.662562
2.952562
2.055063
5.195062
3.330062
7.240000
2.925063
7.775062
2.177563
1.455062
7.622562
5.305063
8.375063
4.605062
4.285063
4.747562
5.190062
2.582562
3.710062
6.867500
4.575062
4.235062
6.647563
0.937562
6.062500
3.722437
5.077562
5.037562
4.305063
6.075000
8.696750
5.420750
7.617875
3.383375
4.904875
5.447125
7.466125
6.296750
4.981562
5.169937
6.865062
6.212562
2.167562
0.787563
7.280062
7.645062
3.312562
6.207562
2.105062
5.107563
9.710000
8.872563
1.612562
8.012562
6.855062
3.092563
6.727563
7.337562
5.957562
3.255063
3.212563
4.635063
2.245062
2.037562
2.007563
5.095000
6.145062
3.430000
6.679437
8.802938
7.459062
6.114875
6.436375
8.998875
1.820062
7.825188
5.304625
4.303562
7.140125
5.946438
5.609125
6.551250
7.137000
7.625250
4.945688
4.130125
5.281375
3.033375
8.103750
3.416375
5.888187
7.064687
4.352563
9.478500
6.317375
4.750063
6.240812
5.774250
6.286625
9.371375
9.380562
3.719813
9.092688
3.441937
5.125625
6.870687
2.622875
7.451313
6.751750
5.705813
9.336187
4.445750
3.665188
3.319250
5.880125
6.443812
2.034687
3.934500
4.788500
2.496625
3.691937
2.998625
5.281750
5.635813
7.610500
8.146500
4.104063
4.363313
5.357188
5.281125
8.943062
8.263438
9.123875
9.170312
3.807437
4.864375
5.730250
8.423937
3.914312
6.537562
9.204688
9.198750
7.396250
4.052313
5.310250
6.310562
8.008563
6.825812
4.687500
4.415625
6.711563
6.334750
6.950625
6.940625
3.729563
9.427687
9.031375
6.398062
6.578812
6.660437
4.915375
3.646875
8.979812
2.771625
7.110062
2.770062
2.462563
4.500063
3.410062
6.850062
5.292562
6.590063
2.350062
5.965063
2.777563
8.247563
6.342562
3.565062
7.102563
4.265000
9.535063
8.652563
4.912500
3.925063
2.212563
6.512562
6.435062
2.077500
6.468125
7.700938
6.069312
4.562062
4.093875
6.251875
5.508938
5.935062
6.091000
3.627687
8.197563
6.435062
7.237500
9.125063
5.240062
3.787562
4.590063
7.592500
8.270062
7.062563
3.045062
5.794937
9.572563
6.825062
8.900000
6.115000
3.995062
2.760063
5.322563
4.539937
3.920062
9.945063
4.512562
3.695063
2.565062
5.697563
8.947563
1.330062
3.700063
2.127562
7.485062
7.532563
9.957375
5.562563
3.677313
6.720000
3.112500
1.854812
5.620063
6.917500
8.170063
1.550062
3.654937
1.905063
2.092563
3.225062
4.180063
1.437563
4.910063
4.007562
6.922562
3.572563
4.045000
4.605000
2.582562
3.742563
2.807562
8.005062
4.362563
1.230063
2.692563
2.382563
3.175063
2.665062
2.557562
1.200063
7.857563
3.935000
6.860000
8.427563
5.270062
5.709812
4.224938
4.890062
9.107563
5.112500
5.222563
2.580062
8.847563
3.750062
2.470063
3.950063
6.577500
8.692562
4.065062
3.377562
4.910000
6.482563
5.660063
9.630000
7.000063
5.757562
8.717562
4.870063
2.062562
3.162562
3.990063
5.917562
2.907563
6.057563
1.835063
3.825063
3.260063
6.372562
3.140062
6.855062
7.055063
4.180000
7.917562
2.907563
7.075062
6.292562
7.770062
0.702562
7.817563
2.905063
6.295063
5.992563
4.080063
4.502562
7.035063
3.110063
6.560062
2.517500
8.370062
6.195062
1.955062
5.092562
4.072563
6.422562
5.415063
8.710000
7.935062
6.282563
9.827500
3.100062
8.312563
4.057563
4.672562
4.795063
4.460063
5.497562
5.445062
8.925062
6.910063
8.572563
4.432563
6.615062
3.565000
6.517563
5.307563
2.315062
4.867438
4.895062
4.132500
5.072563
8.407562
3.790062
5.690062
8.082562
2.292562
6.840063
5.262562
3.580062
4.492500
1.917500
3.210062
8.072563
8.194250
5.880063
6.818688
6.190563
6.606500
3.483000
7.967562
8.112500
3.127562
2.602562
4.337438
5.337562
4.087562
6.745063
3.697500
1.422562
8.440375
5.732500
5.824063
5.040875
5.565812
4.466000
6.265688
2.224687
2.191375
6.947500
1.585625
6.773937
5.249187
3.982750
2.781312
4.249812
2.755187
2.591937
2.650750
5.810688
6.457063
3.891250
5.889000
7.771250
7.397188
4.759563
4.119750
7.442938
1.743250
4.198062
1.860750
3.336250
5.732312
2.304688
2.330875
4.740000
2.624625
2.864937
5.071500
4.315625
3.721500
4.903187
1.971750
2.272063
3.003312
2.685125
4.325000
3.460000
2.882500
1.385063
9.282562
4.485062
5.417562
1.665062
8.747500
1.575063
4.022563
4.460063
4.690062
5.435062
5.932563
8.013438
4.702438
3.817563
3.870000
9.020062
5.455063
4.070062
6.500063
1.795063
6.137562
4.850062
2.355000
8.050062
5.325062
5.122562
3.452562
4.732563
4.342562
3.827500
8.347563
6.695000
6.185062
5.650062
3.562562
4.717562
4.830063
7.667562
4.570000
4.187563
9.112562
6.965063
3.412437
3.990063
4.932563
3.122562
9.649938
3.680063
5.830063
5.467500
9.065062
3.355062
8.012500
1.075625
4.184687
6.775313
1.868562
6.261812
3.053500
2.072125
7.218875
7.017875
7.398125
2.798250
8.550062
6.405062
6.120063
5.857563
4.734938
3.517375
6.177562
8.755062
3.765062
5.505063
6.332500
3.930063
1.802563
4.935062
4.660063
4.362563
2.327500
8.357563
4.120063
3.547563
9.067312
9.112562
4.712438
8.002500
7.835000
6.667562
5.852563
2.157563
2.712563
4.752562
3.800063
2.675063
2.387563
5.017563
3.642562
7.080063
6.362563
3.547563
6.795063
3.465000
5.390062
3.012563
3.377500
3.800063
3.362563
3.412562
2.810062
6.255063
4.680063
4.104938
6.780062
