32.767562
52.105938
73.711938
50.992438
22.928875
45.863813
38.417938
21.382562
28.776438
37.726625
15.686687
24.144750
63.015125
7.499562
15.817250
63.659562
58.483625
25.887500
23.578187
24.050062
39.665500
45.030125
23.153375
29.974625
20.375062
23.291125
53.453313
19.646625
47.134313
56.690500
50.345813
14.245875
27.004375
30.089688
49.756937
41.855562
27.961688
28.054875
51.819437
51.819437
37.894125
53.993187
55.362375
56.178625
75.485438
45.082125
22.715250
25.035187
34.712812
52.517250
22.246500
17.302250
26.372312
28.287562
21.138625
21.182562
24.293937
56.415000
44.411062
12.186375
17.954313
25.687625
20.488813
33.558250
39.360500
22.063875
31.498188
44.842500
38.830438
53.929313
31.007438
60.132063
19.772125
15.003438
33.267000
31.857312
29.234063
27.296063
28.085187
26.704687
28.738563
21.176562
24.764063
29.266000
23.511312
44.788938
14.039125
14.372000
27.595625
59.145688
37.333688
53.525250
51.904625
18.039437
28.065750
44.330438
26.521937
33.572875
22.144125
50.712438
33.619437
67.957188
23.025125
6.540750
27.692688
38.425875
32.026187
40.397750
36.291375
47.659062
35.244937
40.873625
17.837312
25.947625
33.064000
45.299312
52.979875
64.075688
33.560187
47.621500
26.628563
94.928313
58.840250
83.151250
49.234313
73.479062
51.558437
37.256312
52.618000
25.149250
58.955750
12.967063
54.690063
44.646937
41.099000
19.131937
23.983687
30.164250
42.918125
55.320375
19.908625
23.788500
47.208813
33.366750
33.985563
40.656625
30.182750
17.290250
24.831813
18.885500
22.800687
33.684063
35.887875
61.302438
60.653375
78.710938
25.381250
32.220125
45.165563
35.597437
26.036625
16.656813
20.735875
28.501188
42.663562
33.378375
17.858875
33.941938
33.556875
18.713125
28.584813
21.337750
15.427000
36.317312
34.714062
34.741375
47.949750
41.570687
35.546563
34.217562
42.382625
43.725250
40.425875
35.693750
39.423625
44.571813
25.133875
91.079750
32.950375
18.793937
52.447063
73.816000
47.164187
51.542250
42.890750
48.748312
15.352750
9.238563
18.957375
28.718688
25.250062
27.113437
16.325187
79.501312
60.833625
56.601562
36.592438
50.081875
41.513500
103.080750
98.436250
14.841625
43.264063
37.324562
17.086250
23.194750
24.077063
53.730688
16.736687
30.268625
29.104688
25.910125
11.009313
48.779375
31.520937
71.666125
29.241312
42.442687
63.670563
20.284063
57.772000
24.627500
13.450750
47.321500
23.832375
54.825750
58.732188
41.273438
58.307063
66.092687
23.066125
14.017500
29.797563
19.543563
18.970375
14.662625
26.147625
24.596625
77.527750
42.179125
40.611688
48.345813
18.978250
8.039312
38.029187
49.591437
47.697187
58.452062
24.298125
63.391312
61.867063
37.845562
46.723500
65.741187
41.771062
72.192188
35.680437
37.949312
38.368313
37.676313
19.593375
23.151125
29.066188
39.962625
19.713812
34.661437
22.329000
27.693438
21.548125
56.887813
19.814375
27.634187
26.755500
16.335750
19.564000
22.568812
22.333687
21.312313
21.387125
29.713562
25.446188
23.387375
59.843000
57.192062
34.123438
49.292563
15.187687
24.755625
29.782625
27.143187
