36.890125
12.621250
32.767562
52.105938
73.711938
50.992438
22.928875
45.863813
38.417938
21.382562
28.776438
37.726625
15.686687
24.144750
63.015125
1.295688
7.499562
8.270875
15.817250
63.659562
58.483625
25.887500
23.578187
24.050062
39.665500
45.030125
23.153375
29.974625
20.375062
23.291125
53.453313
19.646625
47.134313
56.690500
50.345813
14.245875
27.004375
30.089688
49.756937
41.855562
27.961688
28.054875
51.819437
51.819437
37.894125
53.993187
55.362375
56.178625
24.910187
36.447562
4.931188
31.694813
4.064625
2.684500
29.817000
6.749375
75.485438
45.082125
22.715250
24.665750
65.979187
11.753562
7.878188
7.417250
25.035187
34.712812
52.517250
14.789250
24.553875
13.008188
22.246500
17.302250
26.372312
28.287562
21.138625
21.182562
24.293937
56.415000
44.411062
12.186375
17.954313
25.687625
20.488813
33.558250
39.360500
22.063875
31.498188
44.842500
38.830438
53.929313
3.537187
31.007438
60.132063
19.772125
15.003438
33.267000
31.857312
29.234063
27.296063
28.085187
26.704687
28.738563
21.176562
24.764063
29.266000
11.322563
23.511312
44.788938
14.039125
5.974000
14.372000
2.306188
27.595625
59.145688
37.333688
53.525250
51.904625
18.039437
28.065750
44.330438
25.848938
4.500000
29.125937
6.712063
26.521937
33.572875
22.144125
50.712438
33.619437
67.957188
23.025125
1.914750
6.540750
2.242437
56.418937
4.806750
20.513250
21.403500
7.121812
27.692688
38.425875
32.026187
40.397750
13.726812
42.591125
13.838375
36.291375
47.659062
35.244937
40.873625
17.837312
25.947625
33.064000
45.299312
52.979875
64.075688
33.560187
47.621500
26.628563
94.928313
58.840250
83.151250
49.234313
73.479062
51.558437
37.256312
52.618000
25.149250
58.955750
12.967063
3.994187
54.690063
44.646937
1.650313
41.099000
2.601437
19.131937
23.983687
30.164250
42.918125
55.320375
19.908625
23.788500
25.881000
4.816875
25.450437
7.057563
47.208813
33.366750
33.985563
40.656625
30.182750
35.188250
40.967438
6.513813
17.290250
24.831813
18.885500
22.800687
33.684063
5.042562
43.067875
12.738812
35.887875
61.302438
60.653375
78.710938
25.381250
32.220125
45.165563
35.597437
26.036625
16.656813
20.735875
28.501188
42.663562
33.378375
17.858875
33.941938
33.556875
18.713125
28.584813
21.337750
15.427000
36.317312
34.714062
34.741375
47.949750
41.570687
35.546563
34.217562
42.382625
43.725250
40.425875
35.693750
39.423625
44.571813
25.133875
91.079750
32.950375
3.556500
18.793937
52.447063
73.816000
47.164187
22.523312
4.744688
29.592938
7.118812
51.542250
42.890750
48.748312
15.352750
5.494625
11.069250
18.163750
19.326875
6.605375
9.238563
18.957375
28.718688
25.250062
27.113437
6.895562
39.490187
13.540000
16.325187
1.481812
79.501312
60.833625
56.601562
36.592438
50.081875
41.513500
103.080750
98.436250
14.841625
11.579812
43.264063
37.324562
2.847812
17.086250
4.725750
23.194750
4.849625
24.077063
53.730688
16.736687
2.824625
30.268625
29.104688
25.910125
1.665750
11.009313
48.779375
31.520937
71.666125
29.241312
42.442687
63.670563
7.936312
20.284063
6.952125
57.772000
24.627500
5.713563
13.450750
47.321500
3.327500
23.832375
5.623625
54.825750
29.878187
7.281250
58.732188
41.273438
58.307063
66.092687
23.066125
8.836937
14.017500
4.560250
27.413875
27.858000
22.188250
6.171750
29.797563
19.543563
18.970375
14.662625
26.147625
11.928062
31.862437
14.502875
24.596625
77.527750
42.179125
40.611688
48.345813
18.978250
8.039312
38.029187
49.591437
47.697187
58.452062
24.298125
63.391312
61.867063
37.845562
46.723500
65.741187
41.771062
72.192188
35.680437
37.949312
38.368313
37.676313
19.593375
23.151125
29.066188
39.962625
19.713812
34.661437
22.329000
27.693438
3.836813
21.548125
56.887813
19.814375
27.634187
26.755500
16.335750
19.564000
22.568812
22.333687
21.312313
3.515813
21.387125
29.713562
25.446188
22.302625
7.843375
23.387375
59.843000
57.192062
34.123438
49.292563
33.792812
27.042437
7.228813
15.187687
24.755625
29.782625
27.143187
14.374250
