3.625688
5.709625
8.235625
3.668188
7.641438
6.310812
7.867687
9.480937
7.699813
5.095937
6.259000
4.767750
5.111937
3.066250
2.901500
4.209937
4.435688
3.722562
6.624937
7.223063
6.285063
3.400500
6.231187
4.316625
4.409063
6.761438
6.461062
8.353938
8.358813
4.345625
4.194875
4.276875
3.518250
5.230937
4.095688
4.765875
6.958188
6.978000
3.810062
9.162562
7.179250
5.580125
7.606500
3.301813
6.181125
1.450063
0.868938
5.931312
3.003625
4.234187
4.931687
3.319875
2.721812
3.486375
4.504187
3.367938
3.921000
3.688375
3.956313
4.336750
7.601187
6.311438
6.564188
5.927375
6.210250
4.799062
3.774437
5.899938
3.274563
8.030125
8.221500
3.069750
7.264875
7.727250
4.487687
7.554563
4.512125
8.139125
6.797625
5.219563
2.432875
8.962563
6.271187
7.041375
9.370375
3.526687
5.839688
8.479938
8.236937
6.341312
3.755125
2.374062
1.556750
2.627063
2.439875
4.363625
5.098813
2.287750
9.402437
6.039000
5.513500
5.505250
4.283500
6.060750
5.129062
5.318625
9.312375
6.563625
5.319312
5.297813
7.714000
4.237750
3.617313
6.576375
8.511812
8.727000
5.852750
6.689687
3.368937
