6.638125
5.965937
5.545187
3.404437
9.222500
6.577187
6.578625
8.889563
7.236500
8.297812
5.366000
8.323625
7.179563
5.914125
3.561250
7.696937
4.283812
7.058562
4.394312
6.148500
5.816250
5.578625
7.076812
5.824375
5.527000
4.970438
3.770625
4.832500
3.744250
6.137125
8.329500
4.807938
3.185250
5.180438
6.004000
5.419812
7.706375
5.083000
9.062125
3.590250
8.876625
3.045313
8.373812
6.782188
4.743125
6.384437
7.730062
4.110938
7.419562
4.185688
4.538375
5.678937
7.059250
7.190125
4.960687
3.261312
6.624875
6.401625
6.598250
8.494125
6.209562
4.321937
3.698187
9.199500
9.289750
2.581437
4.583375
4.200000
4.470562
9.051000
7.542187
4.915938
8.542250
6.514188
9.113437
6.380875
6.484063
4.979875
6.271500
4.902875
9.159562
3.561000
4.561687
5.820750
3.201812
4.411625
4.247438
3.295812
7.641875
3.414687
5.438250
5.873500
9.322375
9.192063
4.465562
7.563813
6.918812
7.709875
3.184687
2.377625
4.311750
4.315563
6.942500
5.620500
4.212750
2.241938
4.942500
5.068688
5.392250
3.433438
3.067312
4.345313
9.136500
5.503438
8.075313
4.927000
9.669625
3.620312
9.056500
4.894125
5.539875
4.758625
4.680813
4.752000
6.700625
7.379812
9.411312
5.153125
9.407375
5.631938
8.696375
4.957250
1.864750
7.693313
6.936625
2.060500
4.445812
5.391563
2.084437
2.359313
2.575250
2.683937
4.409813
2.500812
5.679812
8.600312
9.059812
9.398438
8.784688
3.117688
8.491687
6.788000
3.104250
7.121688
9.315938
5.920438
8.259313
5.468625
4.430313
4.426750
2.129500
3.145500
3.393125
5.071875
4.091437
5.990062
7.413687
3.890563
