7.356813
3.028125
5.963375
9.052500
5.045250
8.023875
4.546625
4.228562
8.475812
5.071313
2.973500
4.486500
3.616500
5.180625
8.449375
8.568500
3.051000
5.997250
5.347000
8.837063
5.082438
4.487312
4.949875
3.627687
7.383312
7.235563
6.445188
4.880438
6.904063
3.225750
7.810812
2.567813
8.350062
3.359375
3.235250
6.740375
6.243437
9.417438
7.513250
6.948938
7.686250
4.943625
2.720250
5.171125
8.505125
5.630438
8.331812
8.959687
8.881187
8.949687
6.554812
9.076125
5.623437
2.320312
3.793000
2.145625
4.012313
8.028562
8.835875
4.711563
3.089500
6.650625
6.593750
3.576812
6.642750
6.002688
6.031500
8.100563
5.574187
8.830875
8.504000
6.600187
7.215687
2.708563
3.975687
7.105062
8.223313
8.872312
7.157938
7.003375
5.726125
7.894312
9.161875
2.757812
7.574625
2.408688
4.182938
3.843625
5.312375
5.568062
3.392688
6.827750
3.467000
6.312375
4.327187
4.614875
3.086625
4.473063
2.405000
6.492250
3.897500
4.116000
3.148000
9.117750
4.119813
8.133313
4.996500
9.297375
9.200625
8.755375
8.424188
3.384250
7.820062
6.054750
3.602250
2.765312
9.510625
4.135125
7.377187
6.366500
5.121375
3.037500
9.216688
4.893875
6.725562
4.434188
4.012625
6.303500
7.598875
4.736875
7.804500
8.204313
4.344375
5.574625
7.421062
5.137937
5.976750
3.197250
4.707063
3.627875
9.247312
5.059750
5.282250
0.594125
6.914688
3.243375
6.058937
1.312750
4.313313
3.880187
5.358688
3.849500
2.877625
2.830188
3.742563
2.186187
1.876625
4.681563
7.010063
7.425438
3.837000
8.482688
9.079625
4.693000
7.262000
7.789688
2.203313
4.308125
5.530500
4.187000
3.530375
4.656375
2.070438
4.823938
2.318000
4.735500
2.480875
4.317375
2.198125
8.441250
5.048063
4.620625
5.852125
6.787312
5.492750
6.401313
6.475750
6.503125
8.783188
5.879625
6.542813
4.122250
8.959750
5.170813
5.344875
3.231688
2.541375
4.472062
2.739562
2.217312
3.683250
4.915813
3.921187
4.202625
8.626062
8.480187
5.532875
6.449500
6.143937
4.835625
5.716750
7.466938
9.357188
3.332562
