6.752937
9.465938
5.683813
4.574063
6.873500
2.446438
10.417563
2.057562
4.420063
6.552562
1.625063
4.180063
4.380063
2.985063
3.280063
3.965063
6.727563
4.255063
3.069750
3.992375
5.248437
6.503875
4.943187
7.063875
7.597437
3.387875
4.533750
4.892437
5.164313
7.156562
6.610000
3.437625
4.124562
3.141750
2.946063
6.248437
4.350688
3.415125
5.799437
3.191688
6.553583
8.006250
4.420167
7.224667
10.084500
2.397750
5.432250
5.962167
2.198500
3.925583
6.853250
3.087167
6.533250
2.240417
8.969000
8.229688
6.929437
5.912375
5.774875
6.157750
4.575062
4.384250
4.508375
5.582813
7.464250
3.046937
5.737687
4.616062
6.476500
7.465687
7.246250
5.510562
5.089500
4.190688
7.258000
6.109687
5.143187
5.703875
6.962375
5.058875
6.512500
2.760125
7.786125
6.608062
4.131312
8.594563
5.270812
4.561438
7.845500
6.484063
7.771187
8.881063
4.182313
8.941562
3.383375
7.176687
4.958000
5.100875
7.623563
5.620438
6.873875
6.847000
5.348687
4.899813
3.548812
5.320375
6.104188
3.223125
10.479563
8.468438
6.049500
8.144063
6.487625
7.673938
8.428750
9.150750
3.088563
8.721438
8.233500
5.167750
8.230562
4.909375
6.160875
7.045187
7.977938
2.590187
8.450313
7.137375
4.054563
5.801875
6.518000
2.810062
5.681312
3.815937
3.540563
3.526750
6.454063
1.439312
4.352688
4.044562
6.438250
6.980062
6.661937
8.131438
6.463250
6.372625
4.123812
5.270187
6.043437
5.961750
8.048750
7.550750
3.069000
6.447500
4.181250
4.465687
2.827000
7.227188
7.172562
9.397187
7.088563
6.067250
6.258438
8.496000
5.442875
6.992438
8.332125
6.151625
2.061187
1.135125
8.178437
3.501750
4.985625
4.503125
4.182437
6.511687
2.968688
2.711875
9.318750
5.500000
4.596500
9.726938
7.605250
4.934000
5.861813
5.381375
4.629875
1.824125
5.847062
3.806313
1.049688
6.240687
3.455500
5.377937
2.640062
3.902250
8.396937
3.520062
5.529625
4.374812
5.255187
1.991750
3.928562
7.096500
2.989813
5.946937
3.802688
8.881875
2.720000
7.822563
2.250062
1.175062
8.017500
3.902563
4.305063
4.790063
4.572438
4.487563
4.510063
5.647563
3.290062
4.242438
4.167250
3.849750
7.130750
8.808750
6.392875
5.379750
3.146375
4.857000
3.413250
1.010125
5.886563
3.611875
5.812625
4.064375
3.272250
3.058500
2.647562
5.077500
3.041937
5.829125
5.209437
3.679187
4.642812
6.376313
6.744688
5.680625
5.723750
4.632062
6.138750
5.827750
5.590750
3.563938
7.944687
7.921250
6.908812
6.682563
3.366062
6.305063
5.427562
2.225062
2.027563
5.580063
5.040000
7.655062
4.182563
4.955063
2.632563
3.912562
4.847563
4.192563
7.167438
3.885187
5.266250
2.267625
6.483625
5.073125
2.079687
2.710313
3.268875
4.177375
5.213312
4.684625
3.033875
5.249937
4.955188
4.871875
8.430063
3.372562
7.285063
3.757563
2.987563
7.412562
3.565062
8.510063
5.765062
7.302562
7.823563
5.300937
6.676188
6.503000
3.931500
7.405500
3.488375
7.570188
7.930438
6.512062
5.981312
9.172187
6.635625
6.969375
6.777625
5.149563
6.201625
4.311750
4.189750
5.385688
8.604688
6.543000
7.415813
7.362625
4.030188
8.995188
6.542937
5.747500
7.084500
4.258312
5.811250
5.479813
1.291125
6.781813
2.871062
5.304875
2.820438
3.000563
9.211562
7.218063
8.680687
7.861688
8.418313
8.890187
8.562563
9.093188
4.813000
6.352625
6.021500
5.680250
8.806188
7.438313
4.060562
8.895375
9.442438
6.013375
5.026813
3.270000
5.903812
3.279625
0.901250
6.251313
3.136125
9.436625
2.412313
2.669188
5.015750
2.768063
6.987250
4.026750
2.028313
4.071000
4.152625
7.070625
3.058438
5.906562
5.354250
4.083250
9.866250
5.327562
5.410437
6.706812
3.710562
4.999375
8.206000
7.168750
3.890813
8.171688
4.209313
5.916688
7.033625
7.862813
7.717875
5.898937
8.252750
4.820250
9.237500
4.000625
5.919437
6.210625
6.061312
9.435500
7.960187
9.159500
7.063937
5.965063
4.540063
6.687563
7.107563
7.838000
2.963750
2.852375
2.120687
3.778750
9.529687
4.536062
5.250687
5.474500
7.514625
6.991562
5.435937
6.581875
5.394500
6.018125
5.799563
6.746125
5.112312
5.663437
4.780312
5.975187
4.694250
5.450375
6.753875
4.861187
5.594500
10.341812
6.565750
5.354563
4.376750
