5.065688
5.797250
2.499125
6.820125
4.088938
5.821562
8.700000
4.442437
9.341875
4.610875
9.233875
4.835687
7.563375
6.538500
7.672937
8.300250
6.462313
7.090063
5.230375
6.453000
7.119813
3.056313
5.443437
2.125125
6.356063
7.386750
5.421938
3.624000
4.241875
6.020062
8.948125
9.555750
8.716375
7.092562
4.420500
4.708938
4.729125
3.013750
5.634938
6.093750
6.894500
7.969125
7.217562
5.926563
8.139375
8.278688
7.793563
9.539813
9.399000
6.444250
9.531625
5.470375
4.167375
5.081375
8.302750
9.307813
5.894750
4.981125
5.805625
9.065062
7.156562
5.057250
5.012500
3.693437
3.495250
4.455312
9.014750
6.535312
4.580125
7.584313
5.369187
6.274750
8.309250
3.489813
5.942250
5.063937
9.302938
6.647812
8.251312
5.193125
7.872937
6.005438
7.525938
6.304125
5.771438
5.152938
9.032000
6.292813
5.512437
5.256312
3.389000
9.290250
8.121875
8.038063
9.177188
7.125938
7.291625
6.953313
5.022500
4.627375
7.126625
7.767938
8.949312
8.410000
5.140875
4.707813
5.052562
6.502000
4.960000
4.868812
5.232250
9.495750
9.430875
7.124187
5.274687
7.263687
9.084500
4.487500
3.245188
7.032687
7.530687
7.742813
5.053750
4.439563
8.754938
3.810750
7.038563
9.348375
5.532687
7.098875
4.132437
4.585000
5.301062
5.927437
5.504625
8.390500
5.246688
7.703688
6.733937
9.041750
7.488750
7.803875
5.337688
4.317625
9.178562
