7.218938
6.096813
7.633438
5.693313
4.512437
6.982938
5.670312
4.916625
3.207063
7.238562
5.815875
4.509625
3.451000
7.711563
4.130000
6.787625
7.214750
5.897563
6.367625
8.844000
4.775812
8.099875
9.433563
6.123625
4.968875
3.785750
3.930563
6.611562
9.390125
6.563313
8.504062
7.109687
7.940938
9.103625
7.620375
7.808063
6.858375
6.871125
5.362312
5.042125
4.412438
3.101688
4.714750
5.672250
7.119750
8.092500
9.223125
8.925062
6.809812
4.833312
3.446687
3.597875
4.949375
5.688937
9.057000
4.550375
6.854938
4.390313
4.815062
4.845937
9.605250
8.921000
8.839313
8.367688
6.513625
6.913250
6.966125
8.399938
5.921188
7.795625
7.461563
6.012062
6.838500
6.623625
8.691562
4.593938
7.342000
8.841062
6.932250
6.860375
5.192812
7.302875
8.838812
5.666688
5.039062
4.289125
7.282563
9.113062
8.204875
3.427188
4.760625
