5.505500
4.886500
3.717500
5.400062
5.302562
6.100062
8.205063
7.595063
3.395062
5.002562
6.500063
5.300063
8.000063
3.200063
4.800063
4.097563
3.897562
4.597563
5.900062
5.002562
3.800063
2.600062
5.100062
8.902563
5.291563
5.469500
3.375313
4.935875
2.753375
2.653500
5.427688
3.086937
5.716250
3.141812
3.724813
4.480437
7.335938
6.877250
4.646500
2.086375
5.747500
3.333500
5.155000
8.278937
5.547750
7.706375
6.364500
3.560313
8.202500
5.392625
7.592062
8.674188
6.301875
3.619937
5.726813
2.594125
5.398500
4.575062
4.865125
4.970313
3.025937
6.899250
9.026125
7.629562
9.525750
7.076562
8.240125
5.098625
5.116875
3.245750
8.731250
3.692188
8.865375
9.265250
7.139125
7.696438
6.435937
6.908000
8.165875
7.589125
8.552188
4.065625
6.029937
7.905812
4.236625
7.993750
7.735437
4.060812
2.203125
6.660750
2.340688
8.548750
7.182938
9.495000
7.702562
5.809563
9.508812
7.386375
7.582312
2.837438
3.585688
8.382500
7.465438
7.028062
6.077000
4.594500
5.139500
4.355937
7.872438
5.768875
6.898438
7.560562
5.667750
2.874625
7.376188
5.330312
7.733875
3.756438
5.937375
5.748563
3.248813
7.591312
9.024250
9.015000
8.982812
7.365437
8.802812
4.092812
7.605375
6.486562
5.354000
4.141500
2.119000
8.977750
8.518062
6.735812
5.863062
6.662750
8.586187
6.502125
5.956313
4.950250
7.538750
4.097437
4.569063
5.204063
8.627313
9.380437
8.005625
5.193375
4.640000
2.133812
9.120062
7.592187
8.004875
9.067063
3.024313
7.110062
6.876625
7.490188
5.488812
9.242188
4.891500
9.194000
8.206312
4.866688
8.835562
3.329813
7.926500
4.934188
7.303687
3.758000
4.768750
2.911500
3.695375
1.902625
3.034000
2.189500
5.670438
7.673250
4.886750
2.745687
5.224750
5.231875
3.285438
3.210562
3.292375
3.170375
1.926500
4.087875
3.870938
1.901312
3.486500
5.487625
5.331938
4.811500
5.942250
1.078375
3.659500
3.456812
5.393875
1.675563
2.659500
4.347500
4.010625
5.086563
3.462687
2.497688
2.213250
5.546563
4.135937
3.021063
6.985750
3.873625
4.077125
3.107625
4.815500
3.419125
4.338438
6.272062
7.470562
5.209313
8.208375
6.373625
5.031375
1.969313
2.926125
6.086313
4.581250
7.887937
6.943500
8.903187
4.855250
2.823562
6.090500
4.957562
5.035125
6.266875
3.889312
7.244063
5.260313
4.064250
7.104188
8.745563
5.905750
5.610313
2.585812
3.966000
2.702750
3.204687
7.131500
4.469750
7.040000
8.040188
7.776625
3.041313
5.584875
1.923750
8.596312
3.709437
4.632062
4.220187
3.693875
1.976063
5.128063
8.554625
3.544812
3.595750
8.600375
7.056938
7.863062
5.339500
6.216687
5.463563
6.607563
7.208000
6.391125
8.655125
7.024625
7.601063
5.254625
3.606500
5.235750
5.164250
9.370000
5.393313
6.646875
5.944875
6.653125
5.551437
6.221813
4.866812
6.889875
6.488812
7.918750
4.879062
