7.577063
6.338938
5.920000
7.206563
7.545750
6.347625
2.760063
6.115000
5.427688
7.077063
6.683000
6.801500
4.751563
5.528750
3.343812
6.081812
8.594250
2.878625
4.340562
3.982000
6.351000
2.721750
2.162125
5.054062
5.455188
5.660188
5.254625
6.054312
6.112188
9.537313
8.117750
7.969563
7.005500
2.951250
5.855313
5.986375
5.057688
6.303562
6.284688
5.647875
5.582750
6.993688
6.032188
3.809312
3.768125
7.130750
7.423250
8.068437
4.016938
3.993000
6.767625
7.485000
6.724500
4.800000
6.458750
8.509438
4.586000
6.374688
6.442812
6.170500
2.543625
8.031313
7.192062
6.618375
7.421687
7.507000
2.504812
6.639875
5.005562
5.658313
7.138625
6.730188
4.867500
6.303063
8.212563
4.730375
2.482250
8.124937
4.468063
2.085625
5.940500
3.995125
3.728875
8.727875
6.935937
7.340250
7.260813
5.656187
6.774563
9.121000
6.099625
3.618625
2.938875
1.897250
5.746313
5.678937
5.627688
5.209937
5.495563
7.977000
8.997938
2.008125
8.784062
9.620437
5.187000
6.231187
5.458375
7.941813
6.317938
8.665812
3.747063
4.373687
4.792125
7.446250
4.363625
6.189875
6.755438
6.244937
9.374937
4.832438
7.620000
6.092750
4.768375
6.184250
5.621562
2.337438
8.953500
3.796187
1.907500
9.263438
3.798125
2.113875
6.973687
8.327875
4.885000
4.827125
4.949750
5.159313
5.781250
6.197500
2.588687
2.824750
4.896687
2.200312
2.707625
2.042312
3.729687
2.233750
3.023563
6.844250
4.839125
3.374750
3.103438
3.510438
4.955687
5.885313
6.949125
3.327875
8.759688
6.381750
5.936937
6.284375
7.728250
8.906562
3.066562
7.845250
7.540938
7.254313
8.614375
7.380312
6.130250
7.056500
7.616500
6.939250
8.221250
7.115125
2.484625
7.403125
6.866500
7.093625
1.905125
3.900500
4.583500
5.206625
8.494813
6.378250
6.568688
6.727625
7.243313
8.253562
1.830250
8.911000
6.848187
7.729125
4.509563
6.586812
7.628063
3.949750
7.485812
7.098375
2.462125
8.086000
5.186937
2.358000
8.553500
5.473562
1.854250
7.014750
9.090625
4.891813
4.819562
7.925000
6.308250
7.014750
9.547125
4.885500
7.537187
5.187312
6.328000
1.908813
7.557062
6.488562
7.180625
3.853687
2.488062
5.623500
4.283062
1.611063
0.612938
1.443125
3.747562
4.840063
6.400000
3.835062
4.655062
1.517562
5.187563
3.007563
4.760063
5.645062
6.002562
5.610062
2.252562
4.852563
6.225062
2.800063
3.870062
2.787562
3.805063
2.710062
4.807563
2.675063
4.940062
3.667562
2.617563
3.512563
4.792562
4.342562
4.067563
8.876563
2.439625
4.628312
8.599000
9.129062
5.556312
5.533625
5.438438
4.080125
8.821438
4.374500
3.878062
6.768438
7.305375
7.062250
7.987625
6.850062
3.150063
5.800063
2.660062
7.692500
7.400062
7.600062
3.800063
2.900063
3.800063
4.097500
4.402563
3.102562
7.797562
6.500063
4.197563
2.902563
5.200062
5.802562
4.205938
6.305063
2.287313
5.989750
5.014000
4.485062
8.587250
