2.184813
9.072563
5.212000
8.054375
6.897062
8.449500
7.915563
5.158688
9.312687
6.603625
6.082375
7.458375
9.384562
7.353500
5.078062
3.551500
4.060062
8.904625
5.696750
6.498500
7.409250
8.134375
7.852250
3.717687
6.894250
5.412187
1.632313
4.210938
4.478688
5.111063
4.807812
2.346312
4.206875
4.311500
7.094750
6.664500
8.311375
6.927750
6.109563
5.680875
4.957375
4.604063
1.909063
6.063937
4.677375
3.981187
4.941438
7.878188
8.688688
4.550000
6.984250
4.432938
2.886437
8.394438
3.239688
7.824750
6.539375
5.377813
5.906313
6.596563
6.861250
5.213438
7.048063
5.087688
4.069500
8.071063
4.803438
5.021562
4.109625
2.964125
4.165500
3.698562
5.939438
7.088625
6.239000
5.879125
8.573875
8.385875
5.593625
7.271500
3.928937
9.457313
5.992938
5.580813
7.806563
8.583375
5.894312
9.435125
5.202875
9.468500
8.236500
7.291313
6.434375
4.648125
6.229500
5.158188
5.219938
6.751938
5.325000
4.575938
7.897750
6.721000
5.226375
8.158125
2.776813
7.723375
2.441000
8.247125
3.905813
2.776813
2.843938
5.361375
6.071313
3.443625
3.851187
2.227187
2.457875
2.900313
4.601750
5.962375
3.327875
3.566562
1.208750
2.671687
4.873812
6.221750
3.666000
3.666250
5.396500
2.956562
3.452125
2.711875
4.757375
5.089188
3.956313
3.763438
3.942438
4.219875
4.013687
3.612938
4.250813
4.216750
3.300625
6.937125
5.931938
6.716188
4.866500
5.432125
6.811250
5.132187
5.497187
9.265750
7.240938
7.440750
8.076750
6.884750
8.158938
8.548125
4.152437
8.847375
5.496625
7.921188
4.999688
3.588000
7.369625
6.092062
5.014125
4.692500
6.213938
4.829125
6.210063
7.817625
3.736562
1.782000
3.301563
5.241875
3.800000
2.662125
5.921437
3.701000
2.398563
6.197875
4.295562
5.985563
7.480500
7.453750
5.402437
9.213938
6.212313
7.998687
6.970625
7.700062
2.697563
4.097563
4.100062
2.800063
4.597563
6.800063
6.100062
6.100062
3.397562
3.300063
5.200062
4.000063
3.797563
6.600062
2.902563
4.297562
6.482500
1.804062
5.267563
2.440625
4.616000
4.878750
6.286500
7.420750
9.474375
7.506875
5.154375
2.346437
8.158125
