7.290000
5.597250
8.528813
9.447750
8.692813
9.059313
5.420875
8.241375
4.226875
8.329000
9.070125
5.549938
5.813250
7.187250
4.352563
5.083312
6.502813
6.457875
6.267125
7.153750
7.728875
8.463375
3.607438
4.549812
8.557875
7.388000
6.514437
6.934500
3.660750
6.760375
9.135375
5.200563
5.442000
4.577562
9.449687
5.179312
3.019000
7.971125
6.724625
8.767437
6.671125
5.544250
5.194562
8.127125
3.934188
4.869813
4.288563
7.741437
5.361937
8.822625
7.084437
5.644500
7.370625
3.661250
6.169750
6.085625
6.744187
6.193625
7.501625
4.146063
5.401000
3.407938
5.906750
4.214625
7.492563
6.912562
5.073875
8.083500
6.169562
7.438375
5.980188
8.352250
6.372813
4.690062
6.907125
4.139250
7.476562
4.289438
8.029188
6.227375
8.000063
4.702562
6.700062
6.802562
7.102563
4.700062
4.295063
3.902563
6.095063
6.600062
5.200062
7.200062
6.500063
6.697563
5.702562
5.097563
7.200062
5.742500
4.500063
5.300063
7.297562
4.502562
9.497563
5.000063
7.300063
5.700062
3.697563
3.102562
6.400062
5.900062
4.802562
2.500062
4.902563
7.100062
3.502562
6.732563
7.195062
