8.120188
8.765750
9.471438
8.272125
7.797813
5.031375
5.034063
1.619875
4.330000
5.551250
6.467250
6.210438
6.092500
4.438250
4.429062
1.572563
3.827562
5.212562
2.035000
4.227563
5.292562
3.797500
4.465063
2.867563
2.822563
7.127562
4.927562
0.855062
2.675063
3.875062
4.407563
4.330000
6.062375
8.013750
4.317938
8.913562
1.832563
7.557563
3.792562
3.797563
7.540000
3.025063
7.630063
3.272562
3.985063
5.990062
2.762563
4.867563
1.520063
4.850062
5.072563
3.880063
5.152500
2.607562
9.062563
2.067563
5.717562
5.332562
4.485062
9.462563
7.230062
3.555063
6.505063
3.485063
3.702562
2.670062
3.700063
2.730062
5.340063
5.410063
4.215063
4.100062
5.037500
3.949875
6.616625
8.708250
6.638250
7.581625
8.054688
6.730000
3.277625
1.805438
8.315375
6.754937
9.122188
1.861063
6.013750
9.225250
8.657125
4.613188
7.775125
4.588000
4.728250
5.654125
5.777125
2.924625
7.724500
7.579562
4.070812
2.590375
4.691875
3.242812
6.700687
9.534062
4.989000
5.921875
5.412250
5.600562
4.689000
7.176938
7.354813
5.232625
4.759500
6.627000
5.364438
1.722875
2.983000
3.756625
4.911313
5.577187
4.414750
3.621875
4.133875
6.258438
2.805938
4.226187
5.862000
4.099188
2.632687
1.986125
2.409500
3.541125
3.340937
3.884000
7.376500
5.354938
4.731125
6.101875
5.106750
7.316562
7.580938
7.564250
2.577313
5.315500
7.011875
3.408625
8.057500
5.311500
3.660875
7.257875
6.657000
5.387688
6.385063
5.005125
2.786938
5.655062
5.155125
6.089437
4.860062
3.311125
5.851750
2.868562
3.960000
4.835500
2.139125
6.351687
5.376437
5.171563
3.393063
8.963563
6.402563
2.135063
3.677250
5.715500
8.886250
2.458000
4.044688
7.079813
6.137125
2.014375
4.745438
3.623125
2.488750
1.874375
9.280062
3.316187
5.850937
2.469562
3.923313
7.254437
3.086125
5.270750
5.062250
4.336563
4.553187
2.083063
2.048313
3.635000
3.722500
8.800000
3.820625
0.954375
8.087687
0.612187
4.712313
3.290375
1.341813
5.279438
4.075000
1.293813
5.357500
3.558312
2.302500
6.957500
2.671250
0.928000
3.755000
2.908500
4.432688
0.928750
5.385063
5.065062
2.241750
1.289500
8.878500
1.756188
4.338687
5.082625
3.666688
3.758500
2.614500
4.600812
6.966188
4.392437
7.862938
4.276438
9.354875
6.885000
5.354312
1.823750
8.417687
9.529875
3.695000
8.403313
4.044812
8.742188
1.936937
7.562188
1.821187
2.538750
4.406187
4.367563
6.042063
8.098625
7.971125
6.883312
5.389500
2.768312
4.198938
3.706187
6.160938
0.974063
4.468938
3.498187
6.683813
5.338125
3.304813
2.739750
5.230500
6.777938
6.279125
4.624000
4.624875
4.250687
2.094500
6.968500
6.383750
6.488875
4.441250
2.704625
9.099625
2.530000
3.235562
7.323375
4.623000
7.483187
3.618438
9.238938
6.266125
6.229000
4.938937
6.630562
5.361063
7.035437
4.554062
6.810625
5.829375
6.080438
5.228250
4.447875
6.315500
7.878188
4.847437
6.336250
7.394563
6.961500
8.519937
4.661750
4.107250
5.276187
2.753125
5.431875
3.651000
8.631937
6.535875
8.470437
2.741750
3.607250
3.129188
6.787875
6.361688
5.772188
8.524375
4.982437
2.843812
1.208562
3.999250
0.856500
4.953375
9.421437
3.693563
3.228937
4.716250
2.098688
2.588938
4.737250
1.446562
1.820437
6.787562
3.072563
6.427562
3.172563
3.270062
2.530063
6.222563
4.172562
1.790062
3.890062
3.022562
4.257562
7.665063
2.605062
1.767562
6.742563
7.498062
8.372813
4.700250
5.463875
5.207813
5.281625
6.155250
6.360625
4.445563
3.854812
7.934250
8.869813
9.017437
7.268875
6.878875
4.075125
8.601000
8.123938
9.303562
7.485375
5.191063
6.382688
5.778062
8.266375
6.749750
4.964250
3.722437
5.077562
5.037562
4.305063
6.075000
5.420750
7.617875
3.383375
4.904875
5.447125
7.466125
6.296750
4.981562
5.169937
2.037562
2.007563
5.095000
6.145062
3.430000
6.679437
8.802938
7.459062
6.114875
6.436375
8.998875
1.820062
7.825188
5.304625
4.303562
7.140125
5.946438
5.609125
6.551250
7.137000
7.625250
4.945688
4.130125
5.281375
3.033375
8.103750
3.416375
5.888187
7.064687
4.352563
9.478500
6.317375
4.750063
6.240812
5.774250
6.286625
9.371375
9.380562
3.719813
9.092688
3.441937
5.125625
6.870687
2.622875
7.451313
6.751750
5.705813
9.336187
4.445750
3.665188
3.319250
5.880125
6.443812
2.034687
3.934500
4.788500
2.496625
3.691937
2.998625
5.281750
5.635813
7.610500
8.146500
4.104063
4.363313
5.357188
5.281125
8.943062
8.263438
9.123875
9.170312
3.807437
4.864375
5.730250
8.423937
3.914312
6.537562
9.204688
9.198750
7.396250
4.052313
5.310250
6.310562
8.008563
6.825812
4.687500
4.415625
6.711563
6.334750
6.950625
6.940625
3.729563
9.427687
9.031375
6.398062
6.578812
6.660437
4.915375
3.646875
8.979812
2.771625
2.212563
6.512562
6.435062
2.077500
6.468125
7.700938
6.069312
4.562062
4.093875
6.251875
5.508938
5.935062
6.091000
3.627687
1.905063
2.092563
3.225062
4.180063
1.437563
4.910063
4.007562
6.922562
3.572563
4.045000
4.605000
2.582562
3.742563
2.807562
8.005062
4.362563
1.230063
2.692563
2.382563
3.175063
2.665062
2.557562
1.200063
7.857563
3.935000
6.292562
7.770062
0.702562
7.817563
2.905063
6.295063
5.992563
4.080063
4.502562
7.035063
3.110063
6.560062
6.615062
3.565000
6.517563
5.307563
2.315062
4.867438
4.895062
4.132500
5.072563
8.407562
3.790062
5.690062
8.082562
2.292562
6.840063
5.262562
3.580062
4.492500
1.917500
8.194250
5.880063
6.818688
6.190563
6.606500
3.483000
7.397188
4.759563
4.119750
7.442938
1.743250
4.198062
1.860750
3.336250
5.732312
2.304688
2.330875
4.740000
2.624625
2.864937
5.071500
4.315625
3.721500
4.903187
1.971750
2.272063
3.003312
2.685125
4.325000
3.460000
9.065062
3.355062
8.012500
1.075625
4.184687
6.775313
1.868562
6.261812
3.053500
2.072125
7.218875
7.017875
6.667562
5.852563
2.157563
2.712563
4.752562
3.800063
2.675063
2.387563
5.017563
3.642562
7.080063
6.362563
3.547563
6.795063
3.465000
5.390062
3.012563
3.377500
3.800063
3.362563
3.412562
2.810062
6.255063
4.680063
4.104938
6.780062
