8.663187
6.717688
6.811375
3.945688
8.990250
5.768750
13.510312
3.920750
11.462563
13.909875
10.860812
10.053375
8.939687
12.086000
8.103750
13.374688
8.324375
4.458250
10.286437
7.465187
5.746937
22.872438
16.722812
10.392312
16.507250
13.720313
15.853875
11.923625
13.005688
13.965312
19.028750
6.656000
16.829375
11.516813
8.080562
16.300438
4.284063
16.875125
11.644813
6.013937
13.084437
9.555000
14.767875
7.070500
3.494625
13.717187
7.500063
10.425750
8.103750
3.953187
8.871937
10.100687
17.275625
5.015500
15.603813
16.602250
17.136312
16.486187
19.435125
16.764813
13.978438
14.826688
6.803813
8.219875
15.603813
8.730688
15.418062
6.687375
23.870125
11.702875
10.449000
7.951500
8.842813
9.195125
8.127000
17.182750
16.811250
3.808063
7.523250
12.260125
8.359188
7.430375
3.343688
6.646625
8.168000
17.368500
14.814312
12.515562
5.061937
18.483062
18.947500
14.349937
26.656500
16.857688
14.531063
11.892938
16.904125
18.808187
16.950563
20.944375
22.058937
17.368500
15.139437
12.956750
15.116250
10.994625
2.798000
36.733938
10.216750
5.410250
5.085187
10.216750
4.644000
13.384000
14.628562
13.374688
16.718375
5.387000
9.659500
6.966000
22.616250
10.913375
15.000063
17.182750
23.072813
5.526375
8.289500
15.139437
13.746187
21.083750
16.950563
10.402563
3.668750
12.585187
10.123875
19.829812
13.134187
10.866938
11.656437
6.315812
9.938125
19.644063
8.777125
18.622375
5.758563
11.888625
19.040375
11.610000
14.303500
15.093000
6.687375
