HRTdnevnik0310303000

1
2
16
18
49
50
51
52
53
54
55
56
60
61
62
63
64
68


HRTdnevnik041003000
1
2
23
38
42
44
53
54
55
56
64
66
67
68
69
70
71
76


HRTdnevnik051003000

1
2
27
32
40
41
42
43
49
50
57


HRTdnevnik061003000
1
2
40
45
46
47
48
53
54
55
56
57
63


HRTdnevnik071003000

1
2
4
14
17
19
21
25
29
37
39
42
45
47
49
50
56
58
59
60
61
62
68



HRTdnevnik101003000

1
2
45
49
50
56
57
58
63




