4.623563
5.079313
5.500063
3.515062
2.532563
3.517562
4.360000
2.402563
3.180063
5.505063
2.757563
5.932563
3.442563
2.055063
2.915062
8.757625
7.624313
3.464250
5.036625
5.164375
4.997000
6.545187
5.456375
4.713687
5.161375
6.053500
7.539937
6.703062
6.278000
8.734687
5.158188
6.005438
8.959188
8.467750
5.093125
4.613937
4.743375
9.117375
8.983187
7.632313
7.549625
5.923563
6.735625
5.261188
9.219375
8.696750
6.775375
5.721687
6.153688
5.029750
8.116312
8.253500
8.225000
1.857500
4.918812
6.164000
5.455250
4.568500
8.663250
7.739312
8.367938
9.747063
3.786688
5.982750
4.736375
2.535312
4.248375
3.119438
2.859938
5.482188
4.989562
4.340875
3.756125
9.047000
5.705000
7.895375
7.127813
2.164438
4.224938
4.559812
5.873062
6.148500
5.929062
4.354875
3.210062
4.912187
7.067250
6.884938
7.504937
5.478000
8.144312
6.530938
5.434687
6.091750
3.209750
8.332187
9.731063
6.157375
4.229000
6.693562
6.184312
6.980812
8.750063
1.704562
7.654000
6.429437
6.134188
4.702625
5.812125
1.984813
5.063750
8.300562
3.414938
7.123938
3.652813
2.563563
6.915938
6.831437
2.850938
2.430750
4.277938
7.316875
5.713500
6.259125
3.124000
7.001250
2.462000
3.963625
4.227688
5.186063
5.101250
5.949750
7.062812
4.437000
9.583875
5.808313
7.794437
5.977062
3.572437
4.514000
4.689938
4.604312
4.288125
2.994625
7.662562
6.899250
4.926125
4.330625
6.512875
7.886875
5.068500
7.382500
4.903625
6.729813
2.994813
3.521688
4.215125
3.412063
5.815250
6.989875
3.812625
8.807313
6.858937
6.297313
7.006000
4.292688
3.524750
4.476750
8.550625
5.903000
5.834437
3.850625
2.900187
5.247813
1.823562
4.818437
3.079063
1.970375
2.528812
8.142563
0.858250
7.355000
3.238187
2.849000
3.062750
2.652813
4.364750
2.628625
2.472125
5.218438
5.808125
1.615375
3.717312
2.513187
3.858938
9.952250
7.822875
5.763750
7.110500
7.039375
3.936937
4.191625
4.094250
4.755937
6.389938
5.414500
5.703062
4.158062
4.399063
5.916250
5.426437
0.682312
3.818625
3.167937
4.797250
2.807187
3.348250
2.622438
3.870938
2.763313
1.337625
4.775000
3.949688
2.109250
2.695750
1.942313
1.786125
7.966312
5.586625
3.456688
7.756687
4.654625
6.027063
7.576750
4.727563
9.649188
4.267000
6.773688
4.046938
5.915875
6.237438
4.365000
5.207937
3.121938
5.853813
2.904187
0.748938
6.898375
8.459437
3.058875
2.559625
7.190563
2.732813
6.278625
3.260312
3.497250
1.536687
2.202812
1.538750
8.413063
7.346500
5.763125
5.392750
5.242438
6.008500
5.162438
8.034812
8.127125
6.927875
5.568000
5.527500
4.656250
6.591500
8.614250
5.162375
5.760313
7.123312
2.920750
7.307938
3.089875
5.992000
3.603500
2.509063
4.577875
5.078000
6.115000
8.010438
5.573500
6.715500
5.076313
8.504312
8.287000
7.431687
9.715188
6.608750
4.108000
3.314750
4.757750
3.446125
6.113562
10.137063
5.508250
3.795375
9.610000
7.720250
6.767750
8.228375
9.157125
6.797688
4.485625
3.232125
1.408438
6.259125
5.192812
3.549750
6.356750
5.043500
6.322750
5.860188
6.513813
7.977375
6.230062
4.680063
6.512562
3.550063
6.350000
3.495062
4.517500
3.682562
3.322563
4.707500
4.912375
4.889312
5.221687
4.969875
