6.988000
7.911187
5.517625
3.985250
6.193375
2.649250
5.457187
7.664187
4.654438
2.512188
7.985062
7.108187
6.605125
6.264938
4.009437
8.996000
7.518313
5.300625
5.526500
5.587438
7.667000
6.018375
6.978063
9.628625
4.645125
8.415250
7.951125
3.473187
7.204875
6.911812
7.534313
2.478375
3.030375
2.515750
9.623875
6.332750
7.931250
3.572938
6.124875
5.392375
4.990938
8.710625
3.164438
2.467625
2.360500
7.002187
5.713625
8.638625
6.042313
2.431750
7.047125
7.684625
7.462875
4.124187
6.189875
7.862875
6.453188
6.289000
2.456562
8.211250
8.136313
4.499250
5.271063
3.863437
5.247312
3.829813
2.035062
4.490062
5.260063
4.877562
5.482563
4.984500
4.233250
7.415938
5.528000
8.555875
4.813313
2.633188
9.014250
7.289125
8.939813
6.882750
5.316000
4.801062
7.278562
5.403375
4.573188
6.612312
7.268625
9.355313
7.455312
5.017563
7.421938
7.057500
3.152438
4.033500
6.405750
8.968375
6.734750
6.052937
4.833188
6.226250
