10.005125
9.931688
4.302250
4.485000
8.802188
3.496625
7.280437
7.019687
0.701750
3.200687
9.402125
3.799750
5.499812
3.502937
2.998187
3.799750
3.966063
6.165500
7.404438
8.665375
7.520000
9.046500
8.282625
6.458312
5.910188
5.788812
7.612875
5.491000
7.230250
7.476562
6.647625
7.058313
6.088875
6.471563
6.117500
4.717750
8.694750
3.636000
8.776375
4.867438
5.875125
6.996187
6.344062
3.623125
3.848813
5.828812
7.742500
4.916437
3.619625
3.587438
4.826500
3.132500
3.230688
2.753563
6.308625
7.320125
3.634688
6.480313
2.125062
2.681375
2.170812
3.953937
2.518375
3.593688
3.897875
4.170187
6.007937
7.077562
9.330813
4.017875
3.463437
3.744312
6.014812
4.748938
10.036563
7.643187
5.320312
5.904063
6.249875
4.528437
8.758938
10.068563
8.092937
4.090438
9.183500
6.967812
5.954625
6.159500
5.750687
6.906625
8.216188
3.534875
2.654125
5.930750
3.674562
4.601625
2.778375
5.143937
2.649750
2.417187
1.999500
2.190562
3.972625
4.255125
6.509875
9.255313
0.873687
5.074875
3.354938
3.210437
8.508000
2.613875
2.745750
2.455437
2.738313
3.886437
1.931312
6.137250
4.839625
3.795500
5.963063
5.057313
3.000500
7.154125
2.761437
8.147687
2.065437
9.918125
6.664625
7.791125
9.550000
6.696187
6.887937
5.448125
6.467750
6.253938
5.108750
3.503687
6.401750
8.110250
8.913500
3.993688
9.930063
8.683687
5.861375
5.635250
9.063688
5.896312
4.916625
2.090063
1.630062
2.230062
1.040062
2.200125
2.500062
0.480063
1.960063
3.690062
2.940062
2.280063
4.000063
3.360063
3.310062
1.740125
3.960062
2.320063
3.210062
5.500063
8.294813
6.773688
6.169250
4.180000
3.697000
1.241188
2.315375
4.033313
2.139500
1.526687
1.557500
4.192563
6.622500
2.363625
3.396125
0.871750
1.067000
1.810375
0.970875
7.109687
8.450437
8.661375
7.910437
9.319812
8.037000
7.450687
6.182563
8.962125
4.154875
7.150437
5.884688
5.416062
7.346063
6.268438
4.503125
5.426188
7.506625
4.430750
8.644500
4.270187
8.303562
7.396438
8.638813
7.437437
8.988188
5.829750
2.681563
2.956187
3.195500
3.176938
6.258938
3.142438
4.453625
3.540437
5.404687
3.020625
1.856562
2.465813
4.707000
8.762187
8.254500
3.987812
5.012187
4.919750
6.103438
3.125625
8.196875
6.113000
3.664750
3.833875
4.622625
3.324063
8.353625
3.517438
9.655500
3.616250
4.080813
3.107312
6.747937
4.577125
4.651562
2.755937
2.302125
1.470625
2.510375
1.592000
2.450312
2.893813
2.980500
3.230625
4.624937
1.850313
9.040437
4.923000
7.365625
5.530312
9.601437
5.829438
6.534625
9.195875
8.158188
6.335187
4.668000
9.303125
6.294062
5.527500
7.591000
8.115687
6.115563
5.527563
4.305375
9.735375
2.358188
5.701812
8.550375
3.081688
6.569250
3.895625
6.182750
5.378438
5.124250
3.199500
7.059312
6.161437
7.289000
6.846375
9.196000
5.216312
5.628687
5.266938
5.475187
6.717062
4.435437
6.612250
8.652375
8.852375
6.584688
6.315188
4.612312
2.333500
9.404375
8.616312
1.868875
7.585000
4.401063
7.509250
2.278313
8.629312
9.865000
2.265250
6.496688
1.058437
2.926625
3.937937
2.538937
6.179250
3.060250
2.817938
6.735437
3.263750
2.916625
2.313500
2.917500
5.536125
3.866250
5.026750
0.965313
4.189563
2.704813
5.743688
2.672312
2.347250
2.954375
1.083000
5.019188
2.159500
3.030250
2.772687
2.418813
1.567438
3.724125
2.202500
2.139687
5.955125
3.380562
4.479312
0.980812
4.943562
2.900437
6.871688
3.450125
5.027188
2.894312
3.500125
2.564000
4.202187
1.758250
3.865438
3.478687
3.924750
2.326312
7.807563
7.452125
5.523937
9.265625
4.802688
5.271063
4.031062
3.460938
2.713250
7.396438
4.582438
9.033812
6.936438
6.951313
