4.336125
7.172000
9.601625
5.842750
9.482938
8.384688
6.595313
6.231937
6.344313
6.486688
7.016000
8.450062
4.459062
6.187938
5.847375
3.362938
6.727250
8.900125
3.962063
6.763375
8.719750
7.949312
4.407063
6.387562
5.071813
4.662937
5.225062
6.468125
7.533437
5.170375
6.537063
6.349687
6.808562
5.245750
7.421000
6.059375
9.684688
6.318187
5.757812
6.532813
3.674313
6.603375
3.565125
4.526875
7.414562
6.129313
5.579813
4.445875
7.262313
5.135562
5.860750
2.716438
4.287187
3.704312
6.540375
6.685313
8.860062
9.533437
7.796750
8.305125
5.383188
7.483000
5.241250
6.182000
6.480375
3.314750
3.091000
2.759063
5.209937
4.891813
4.178687
5.643000
2.499500
7.653500
7.419625
2.510375
5.719812
7.456938
5.828062
7.402812
4.439750
5.093312
6.523750
9.397875
8.598875
4.818313
8.309563
8.550500
6.712438
9.693938
7.891000
3.232687
8.179813
8.034875
4.913188
2.347000
5.043250
4.288062
3.106750
5.802688
5.064563
9.698000
9.544063
9.171125
2.779750
8.319250
8.281437
5.127813
6.080687
6.837813
3.545437
2.572875
8.561125
3.971188
6.917438
7.641375
5.487938
5.995125
4.037875
4.650188
4.830000
6.498125
5.679500
5.539250
2.503188
6.284750
5.376375
3.405937
3.767063
5.183625
5.422438
6.044250
8.795063
5.648438
3.084563
7.610750
2.136125
9.756875
4.881875
9.091188
9.535438
7.522437
7.138187
5.933500
4.082063
9.036563
7.847500
5.361000
4.816375
6.672187
4.978562
0.970375
5.465063
3.717375
5.043500
4.916563
6.888438
5.319312
2.785125
4.199063
4.580500
6.147500
2.113187
5.098375
0.821438
4.330750
0.875313
5.236313
3.423188
6.487312
5.045125
2.664438
4.055625
4.552375
5.943812
1.906500
4.946750
4.445437
8.006750
6.798375
6.463375
8.009063
4.013813
5.274938
3.631500
5.397563
5.116375
6.334750
4.728313
5.282000
7.220125
6.200812
3.374375
5.273125
8.459437
7.863937
6.490000
7.038125
6.216563
5.556000
3.335938
8.368750
2.714313
8.089313
7.142375
6.653688
6.963188
4.203563
5.197312
6.690750
6.653313
4.920250
7.024125
5.366000
6.511625
5.391000
5.666000
6.982437
6.053375
4.582750
3.557875
4.170125
4.924375
5.261812
3.257938
2.508000
5.031813
8.895625
8.583562
3.924875
2.449125
6.443187
8.017812
3.793813
7.430625
4.668000
6.264062
6.376437
7.016500
9.827125
3.641125
2.219813
2.634812
2.903750
5.042375
7.015437
8.127125
9.411625
9.102625
9.217063
6.907813
6.568500
6.874062
9.006438
5.722000
5.535125
4.544812
2.250313
8.664438
5.520937
3.470000
6.772062
5.512937
8.704562
7.998188
9.064250
7.108688
7.601500
5.067250
9.489562
3.785875
7.630625
9.292875
7.874125
7.642812
3.749938
7.602563
5.296563
9.609063
2.670812
6.393688
5.232500
7.318625
0.934187
7.782312
7.930937
8.289500
7.557750
2.999938
2.847688
6.249562
6.591250
2.546250
5.952063
3.322563
4.544313
6.913375
4.168312
6.469688
4.543375
4.512688
4.682688
6.834125
6.430875
3.285687
6.360625
9.314687
0.760687
3.884313
3.366500
9.419250
4.153187
2.507188
2.257625
3.053000
2.879375
7.030188
2.639063
5.775688
2.285438
5.256000
0.903687
8.903562
0.762938
3.770625
3.388000
9.322938
4.380438
2.595063
2.163937
3.210688
2.749375
4.713438
2.443500
2.663125
5.988562
2.384187
6.687938
6.922562
9.159313
7.257187
9.321687
4.514812
3.624188
8.167250
6.467437
4.555313
7.309312
6.356125
6.825375
7.200563
6.268250
3.252500
6.629875
6.109750
7.479312
6.157938
4.191313
3.150187
5.388063
3.873375
5.301250
1.447375
2.619187
4.037813
3.132062
