4.311687
4.429812
4.303438
2.653188
5.462250
7.145750
8.515688
4.628375
7.397250
6.140437
3.705687
4.841750
6.314188
5.648750
5.957813
3.578625
5.415125
3.716500
5.529125
3.176000
4.940625
6.395625
5.861000
7.280250
4.368375
3.820187
6.088563
7.112625
7.243938
4.911437
5.328125
5.443500
4.287687
5.894438
6.370063
6.054312
6.330938
5.111125
6.042813
6.838250
4.473125
7.525812
4.952562
4.413312
4.397563
3.617563
8.095750
8.623625
8.663813
5.316813
8.965312
9.396562
4.737938
5.831437
5.593125
9.382563
6.845000
5.743688
4.108875
5.891063
3.531500
9.395687
5.415063
6.402250
3.581812
8.543500
8.057000
4.950500
6.533375
6.306125
6.130750
5.911313
4.061312
8.679813
5.149625
7.280563
6.414937
6.226063
6.484938
9.107750
9.024375
9.030688
8.317750
5.020187
4.655625
5.852875
6.585750
4.067938
6.923125
8.608875
7.068313
5.893313
6.392375
3.117000
6.075563
8.472250
8.572875
7.427875
3.106313
3.588812
6.529875
8.735563
6.035188
7.873188
6.285375
5.275250
7.392188
4.186438
6.570250
6.960187
3.445312
2.568687
6.035687
7.193688
3.685563
3.200125
7.899125
2.687875
5.859063
6.023500
5.923312
5.035312
3.295875
5.711750
6.522625
6.678375
8.432000
5.558500
9.153250
5.038375
5.430813
5.719250
6.988500
4.806312
7.894938
4.717937
8.113687
9.245437
9.518562
8.356438
6.981750
5.352688
3.777938
5.995813
5.241937
3.945438
3.153000
5.267313
4.623500
2.442750
1.400875
6.664313
2.866312
4.672500
2.068500
2.097313
2.852063
8.830250
8.081875
9.166875
7.854875
7.152375
4.897563
7.101938
7.356063
6.273750
8.772375
6.675125
4.384563
4.827562
3.107562
4.572563
2.170062
2.857562
2.942563
3.603750
5.640313
5.063313
5.557437
3.659312
5.309000
4.273313
4.483000
6.179250
3.217062
3.484000
3.280625
3.498500
2.376688
2.401687
1.666000
2.529125
5.142563
2.221563
2.936125
2.468187
1.817875
7.133750
5.653437
4.416812
6.027375
6.014000
2.112188
2.405687
2.741687
2.852500
3.210375
2.204375
4.759500
3.236063
6.872187
2.415000
5.861625
3.850563
3.400313
3.347250
4.993375
2.493063
2.245000
4.564250
3.998687
2.673125
5.880250
2.642500
4.715625
3.199813
3.811437
2.071813
2.046063
6.177250
4.991250
7.308625
6.616125
8.817312
6.482500
5.559563
4.667688
4.470313
6.313937
6.841500
6.789000
6.884062
7.422063
6.347688
9.445562
3.182812
4.932000
8.191750
2.973000
5.169000
6.954063
6.839000
5.843938
4.940750
4.176125
6.552500
4.493875
8.473875
6.282687
6.186813
5.644563
5.173875
6.024375
2.550375
4.468187
2.744875
3.224687
5.131875
3.938375
4.646000
2.676312
2.702812
4.652625
1.194187
2.714875
4.567938
4.798813
2.738187
4.214750
0.992563
8.099125
4.963875
6.346000
4.872125
4.774250
6.225750
3.736188
6.686187
3.172063
5.482312
3.704312
6.213938
1.935625
2.760750
4.591188
2.692063
6.409063
2.654625
2.576687
1.593625
6.983375
6.025875
9.440938
5.738812
6.344313
7.873875
5.589812
4.053750
6.628250
8.861750
4.763937
4.607062
6.029250
5.354750
7.397250
7.075062
6.130438
4.907687
3.232312
4.550063
5.200062
5.500000
5.790063
3.352562
4.152563
3.395062
3.330062
