2.899125
7.267625
7.378312
9.358125
4.288750
4.325625
7.218562
1.775750
6.911125
6.072250
4.109500
4.006938
8.570750
6.545937
8.284812
8.170750
6.074500
6.495063
6.773000
5.176875
4.125750
3.460812
5.389500
7.669937
3.100250
3.795812
3.491500
8.004125
6.686875
8.979563
6.492438
7.497500
6.497562
4.129062
5.852125
4.500750
0.890062
4.529813
3.507750
6.049250
6.743875
5.430500
5.656187
2.380688
3.064625
3.073125
7.544875
4.396687
0.923375
6.900875
5.148438
4.547438
6.769812
7.477375
7.127313
6.663625
3.498875
5.287125
3.603875
6.076187
5.844375
7.821375
6.711625
6.729125
2.488437
5.199312
4.050063
6.631312
5.549812
6.109063
6.791000
5.266125
3.605563
6.872125
5.301938
3.124500
6.422125
7.680813
8.189250
5.616437
6.325000
5.579250
3.111063
6.665938
7.369438
8.408563
5.389312
6.451812
6.700312
4.332438
6.560812
8.716938
9.280000
7.028562
5.423500
6.175125
6.066000
6.683625
6.620625
6.965063
5.962750
4.933687
4.909937
2.691063
6.923188
7.670250
4.037000
5.930250
4.832625
3.340875
5.870125
4.937625
5.960125
2.575750
6.500000
8.052687
6.747250
6.175688
5.425438
6.223562
6.575812
6.532000
3.371812
6.456812
4.756188
5.759062
6.387625
3.542625
5.860563
5.813313
6.722812
6.013750
6.778000
4.869187
5.064438
4.393625
3.556812
4.131437
3.757938
7.971687
7.831188
7.955938
2.561250
4.157375
4.912625
2.755438
5.747312
4.434250
4.235688
3.418938
5.704063
3.648563
5.024000
9.410187
2.538813
6.749875
3.308688
2.151000
5.911000
6.161187
7.516875
4.183687
5.394500
3.663562
8.935500
2.222625
7.555750
8.000187
6.745750
4.181000
7.797313
2.648062
5.436625
5.848063
3.085938
6.033188
5.932313
3.389687
3.330437
3.185812
4.064438
5.409750
4.632187
1.517000
2.639000
6.242875
5.518063
3.922125
2.070063
1.622187
2.409250
4.537187
4.372063
6.269188
5.803937
3.498375
2.009500
6.962875
5.799125
5.363500
7.359063
8.507625
5.201937
6.016687
5.724250
5.816438
4.809687
4.782000
5.848500
5.210250
4.579125
6.302750
5.273688
4.523375
8.944375
8.488312
6.363437
7.466938
7.535938
3.364125
5.437688
5.044937
3.523875
3.824813
5.647188
2.813188
4.657000
2.404500
3.147187
3.773062
1.882375
2.157000
1.908875
5.991875
8.172375
8.093438
4.244750
7.791250
6.827063
6.648125
3.604875
7.827625
8.710375
6.713750
5.476438
5.482250
7.121250
4.881875
5.086062
8.207562
5.315750
5.942312
5.864250
6.321438
6.284375
2.570438
5.390500
5.662125
5.552125
3.943625
4.453938
5.716938
4.613500
8.477063
4.535188
5.153500
2.522750
8.389250
7.798000
5.101875
4.111562
7.026688
6.034313
7.114375
8.019625
8.890688
5.187938
6.160687
3.062625
7.097563
6.772062
7.988250
5.759125
7.422000
6.573000
6.427625
2.385500
7.047000
9.160625
7.085875
2.455563
4.359938
4.309812
5.226625
4.922500
3.199813
3.520250
6.733062
5.609312
6.847188
3.295375
4.254250
3.640875
7.046250
7.403812
2.243313
6.758813
4.709625
3.123187
4.687125
2.498438
8.633188
2.492500
7.432500
6.222500
