5.550063
5.202562
2.695312
5.347688
6.015187
7.303375
9.583875
6.277812
7.593187
5.818437
5.655563
7.707813
2.751750
8.483625
9.654875
5.395750
4.318750
6.506750
6.520562
6.367250
6.462500
3.906125
5.205813
6.961875
8.965750
6.993625
8.540688
5.066375
5.873812
5.349188
7.313438
8.455875
9.071312
9.153625
6.289688
5.613812
5.797000
8.053187
3.681938
8.763563
6.000563
4.313438
6.433438
6.832187
7.947875
4.396250
7.351500
2.378875
5.098438
4.631062
2.980625
8.575625
8.500813
9.954437
5.683000
8.223812
6.026813
6.162937
7.279312
8.897813
6.384812
5.388438
9.915062
7.696562
5.405938
4.738750
9.413438
3.167875
7.920500
5.860437
5.000938
4.559062
4.985000
2.599250
3.066562
4.543875
5.260125
5.652875
7.462813
7.847313
7.998062
5.187688
6.433500
6.176750
8.812938
7.580063
7.026313
4.509875
5.392437
5.050562
5.938937
6.051000
6.562375
4.582375
6.382500
9.089750
8.995125
5.130063
7.194125
2.334000
7.838438
7.800688
9.164813
6.115812
5.304062
3.547250
5.859125
9.623062
4.690188
5.845937
5.577875
9.514000
4.934812
8.257312
6.451375
4.808937
5.132500
6.114125
5.578313
4.743875
2.333938
6.379062
8.151000
5.667937
6.076750
6.236625
4.540000
4.365750
7.118875
7.461625
5.309000
5.025938
4.895375
2.132312
5.033938
7.905938
8.331000
7.144312
2.245563
4.121125
8.691625
7.894000
7.611875
4.299812
4.756938
6.372250
2.866875
6.719062
7.268750
5.623750
4.962125
6.210813
2.779437
6.446250
9.864062
8.400375
5.837187
6.089125
5.034562
8.598375
3.748375
9.572062
5.694000
5.299125
2.200063
7.565062
3.560062
2.422563
2.565062
5.345063
8.629938
6.491437
6.214062
3.999563
5.243250
6.236438
6.267750
6.402000
3.160000
9.277500
6.197563
6.800063
6.202562
2.500062
7.500063
1.600062
6.200062
4.502562
4.000063
2.997562
4.900062
5.100062
4.400062
2.497562
4.400062
4.102563
4.500063
4.555000
5.557563
4.460063
8.992188
9.058438
5.893125
5.323000
6.497000
7.466687
8.534313
9.360625
6.559062
5.648625
7.588188
5.784625
