3.710562
6.159937
5.834875
8.807438
6.393875
8.757938
2.905187
8.356750
4.482188
8.579437
7.661750
4.675875
5.110875
7.609312
5.232625
6.744125
7.305375
6.341000
7.097375
6.902000
8.137125
8.403313
7.706938
6.374062
9.932000
4.527687
8.425812
7.349375
4.849125
4.038437
4.225000
5.105188
4.637625
4.479063
2.834188
4.575938
3.911938
2.933688
6.566187
3.762750
7.782188
8.227625
5.721000
8.896375
4.420562
3.502187
5.220313
5.642875
3.985500
9.129563
7.816625
2.848125
7.342437
6.379187
3.092250
5.670063
5.907000
8.783125
4.960000
8.144125
4.262875
6.630937
9.380437
5.553000
6.433063
3.362062
5.305250
8.075563
6.596250
7.458500
7.544688
7.807125
6.101250
5.758125
9.637750
8.865937
7.700812
6.016500
8.070438
6.714062
5.492375
2.824313
7.238688
7.015125
3.517000
7.075188
7.182062
7.034063
5.828500
5.535250
8.110125
5.285500
4.558063
4.885187
5.047063
5.807625
6.128188
6.362250
8.188313
6.894438
5.027750
7.303187
6.621750
4.172500
6.382437
7.422063
4.924563
9.069937
7.911750
6.933562
8.881250
2.279875
6.027250
6.917813
8.296812
5.181250
6.168125
8.237187
4.275375
7.062188
6.991562
6.438000
7.861625
7.173063
7.001375
6.791437
4.189063
3.300625
3.503563
6.577312
4.806125
5.998875
4.624875
8.721500
7.543188
5.047813
6.559062
5.843562
5.019938
4.939500
7.360563
4.106562
6.184812
7.150625
6.250563
7.095438
6.291250
6.377063
2.505438
8.931938
5.682563
6.011438
6.478375
6.177812
2.807375
7.107750
7.070312
2.770875
4.404312
1.989562
3.510000
2.956187
7.398438
1.796875
3.242125
4.701313
1.875063
2.480812
1.425062
5.015000
5.682625
5.972750
2.925063
6.652812
6.819187
2.618875
4.184875
1.935625
3.453625
2.911875
2.536437
6.319687
3.201687
4.615312
5.316687
5.395750
9.445937
6.859312
6.361813
5.951313
4.581437
5.474938
6.545250
3.590500
8.081687
6.227812
5.305187
7.094437
8.979125
8.274875
5.126688
6.181563
6.716687
8.225812
2.847437
9.307937
5.148750
7.203688
0.699688
3.385937
2.663937
3.175125
2.393063
4.570812
2.374375
5.049563
4.868688
2.695688
5.405000
8.147875
7.515625
5.341188
2.573375
8.761250
4.631500
6.576875
3.177625
7.552562
1.863187
4.490875
4.810062
2.612500
4.733812
6.650437
1.522250
5.226125
2.273000
8.030500
2.527375
4.492813
4.788000
2.842312
5.015250
2.300687
4.510438
1.374437
3.482250
1.776938
2.176063
5.650750
2.374188
2.359187
3.841250
7.654063
7.599125
6.978500
5.530750
6.920438
5.239750
6.026813
8.953750
4.836000
4.338625
5.854687
4.564438
