1.790125
2.245750
2.924562
2.842125
2.706062
3.234938
3.322563
3.043000
2.228625
2.931812
2.653563
2.773250
2.604437
2.201250
3.355812
2.749312
3.038750
2.504000
1.690438
2.399000
1.994188
2.790875
3.524688
2.123125
3.047312
3.218938
2.311000
3.499875
3.289500
1.996125
2.589187
3.240687
2.070438
3.027625
2.144125
2.316375
3.239750
3.453813
2.858500
2.834312
3.263063
3.224625
3.177500
2.539000
2.631187
2.602187
2.347625
2.449875
2.297563
2.873125
2.632375
3.850375
2.008188
2.156062
2.496563
12.134125
3.371250
2.712000
2.177313
2.693625
2.591125
2.108563
1.711563
2.561625
2.647000
2.134937
2.395812
2.920750
2.204188
1.991188
2.203125
2.736188
2.294437
3.763313
2.908562
2.875125
3.809188
2.842938
3.095937
2.231500
2.440187
2.119500
2.807688
2.104500
1.961750
2.918188
2.761500
2.623687
2.882938
